extrinsics:
- - - 0.8587313585475934
    - -0.51150248765233
    - 0.030751568618233152
    - 9.498954789499804
  - - 0.5035047761985525
    - 0.8311108177721304
    - -0.23608843454812833
    - -168.97885132645973
  - - 0.09520186023523648
    - 0.2182201038117668
    - 0.9712448672194528
    - 11.311607491206804
- - - 0.7847430452743129
    - -0.6079017869012867
    - -0.1209701218310542
    - 9.1800188511805
  - - 0.591498644042138
    - 0.7928061811858969
    - -0.14692757797549957
    - -153.93398706073773
  - - 0.1852233975228552
    - 0.04374673194259184
    - 0.9817222195990235
    - 51.48607115254162
- - - 0.7039926247006231
    - -0.650137931885867
    - 0.2858584507939112
    - 24.639006536051422
  - - 0.7090253182823502
    - 0.6665882352819554
    - -0.23009394302827801
    - -128.9122473005304
  - - -0.0409570799952778
    - 0.3646653179380454
    - 0.9302374554335063
    - 31.364771406830922
- - - 0.6632643986607919
    - -0.6072891455588769
    - 0.4373559547502548
    - 34.72611460464062
  - - 0.532638313410247
    - 0.7935788731350207
    - 0.2941581193869001
    - -72.63161915937914
  - - -0.5257154787112751
    - 0.03784792993176226
    - 0.849818080322639
    - 88.2996845637018
- - - 0.7781323536243191
    - -0.6198802842417391
    - 0.10128412240552873
    - 1.4691325906587276
  - - 0.5981950303733794
    - 0.7805498637977237
    - 0.18139629478560662
    - -98.97351827798569
  - - -0.19150129472060753
    - -0.08056266712153858
    - 0.9781804080979107
    - 59.04654957463286
- - - 0.4509837143153273
    - -0.8160593889745402
    - -0.3614702796757313
    - 18.60551321347583
  - - 0.6721889961849435
    - 0.5769823587912593
    - -0.4639539966974663
    - -130.16052722564098
  - - 0.5871759896574695
    - -0.03374064774385624
    - 0.8087557887641954
    - 26.018201377055167
- - - -0.11251826422482056
    - -0.9008284117764969
    - -0.41934211898170687
    - 71.10460357098412
  - - 0.977879613999217
    - -0.025499156397066593
    - -0.20760841396191174
    - -69.25147636121035
  - - 0.17632668754495454
    - -0.4334258478209075
    - 0.8837708604045235
    - 93.4422720652035
- - - 0.19980457966363657
    - -0.9682039978438364
    - 0.15052956023535569
    - 3.3479924716154574
  - - 0.6551759209135024
    - 0.0177825488614544
    - -0.7552670346381698
    - -178.3771580904105
  - - 0.7285757631163571
    - 0.24952915564158445
    - 0.6378969806200809
    - 80.56978211347374
- - - 0.3221892349478421
    - -0.7107007970106087
    - 0.6253786645003241
    - 82.48945590992186
  - - 0.9225346443202759
    - 0.08747739238519817
    - -0.37586904082452466
    - -83.57447100647173
  - - 0.2124239320617768
    - 0.6980344425241289
    - 0.6838303811161377
    - 87.23504745805182
- - - 0.4126253484662812
    - -0.9086205042819626
    - 0.06441351567390566
    - 99.91041960059228
  - - 0.7386151523923877
    - 0.37512925398565783
    - 0.5601122204170641
    - -37.11772883596477
  - - -0.5330928422511882
    - -0.18353970143420226
    - 0.8259087113827979
    - 164.41919794791923
poly_incident_angle_to_radius:
- 0.0
- 1058.4324266338413
- -208.45820716417649
- 234.7356520160602
- -99.07158733817471
poly_radius_to_z:
- 1038.5263407563416
- 0.0
- -0.0007153297736516276
- 6.039547056194646e-07
- -3.0495849651545084e-10
principal_point:
- 1570.1905436157128
- 1506.6362152229997
