extrinsics:
- - - 0.997652033504861
    - -0.004219949832960197
    - -0.06835650713006455
    - -113.67429868353253
  - - 0.03199663578974573
    - 0.9111937748094978
    - 0.41073363637101395
    - -54.07093312221957
  - - 0.06055274842444089
    - -0.4119564258168881
    - 0.9091893465535223
    - 59.13437882291751
- - - 0.8960778190770269
    - -0.44180515908393275
    - -0.043043507814532804
    - 27.463244975568923
  - - 0.4438890488411643
    - 0.8924193425144424
    - 0.08093348766102164
    - -27.646193207380836
  - - 0.002656026552065457
    - -0.09162924485616593
    - 0.9957896499813822
    - 66.55089722016733
- - - 0.8107904483333127
    - 0.5823484774211364
    - -0.059068601953575446
    - -119.17241866783289
  - - -0.5825565735701257
    - 0.8126439317428389
    - 0.015416834687288548
    - -66.56852230486395
  - - 0.05697971114090213
    - 0.021910980051665297
    - 0.998134871383359
    - 58.91346919909442
- - - 0.9205984098945524
    - 0.3819426502850337
    - -0.0813534239775194
    - -245.88689124294103
  - - -0.3851770013999241
    - 0.9224157850377859
    - -0.02806772355728888
    - 23.31350005357585
  - - 0.06432142172079677
    - 0.05717456957747762
    - 0.99629002971095
    - 26.637125152519754
- - - 0.7825385516844671
    - 0.3070405360223427
    - -0.5416267389694583
    - -150.77613340923705
  - - -0.2884144926169389
    - 0.9497406678863533
    - 0.12169529247796396
    - -18.54535725467617
  - - 0.5517703286477905
    - 0.060981743185119876
    - 0.8317636271333418
    - 35.41093736043281
- - - 0.9853659796256865
    - 0.1056627601249324
    - -0.13375076567665964
    - -183.65077876463263
  - - -0.16785828817415832
    - 0.7378986143867011
    - -0.6537042373867771
    - 14.105625299396108
  - - 0.029622310638316583
    - 0.6665890908265505
    - 0.7448365610679162
    - 24.144842588194372
- - - 0.9989075728294219
    - -0.044349553303933434
    - 0.014723384997173634
    - -51.356286508404196
  - - 0.04534967903856543
    - 0.9960379284924387
    - -0.0764973961360165
    - -19.71692122878683
  - - -0.011272424545435106
    - 0.07708152908598206
    - 0.9969610676042643
    - 59.64107232864228
- - - 0.9792160134623672
    - 0.1781286219194214
    - 0.09698553001328314
    - -151.6404574150051
  - - -0.18208428760382103
    - 0.5614497282206955
    - 0.807229530486042
    - 9.93748471041518
  - - 0.08933818437084233
    - -0.8081116239319881
    - 0.582214987851847
    - 126.90884647350607
- - - 0.8596740589400295
    - 0.15099688661794175
    - 0.488016856898676
    - -191.48362924966324
  - - -0.11125755054351961
    - 0.9877268332565003
    - -0.10962417758935109
    - -46.116303108484566
  - - -0.4985802541543642
    - 0.03994550158370606
    - 0.8659226796144073
    - 147.74494851739254
- - - 0.9367400630138596
    - 0.2161863329348516
    - -0.275284441618069
    - -31.980284211803067
  - - -0.20683758547232786
    - 0.9763500770371204
    - 0.06291852116496535
    - -29.913506860584643
  - - 0.28237611014525993
    - -0.00199913025842912
    - 0.9593016918037006
    - 33.96707077679192
- - - 0.9876061598890161
    - -0.15305360754886144
    - -0.034765876453064906
    - -107.15053546278224
  - - 0.14225106577825405
    - 0.7792633851839821
    - 0.6103386033969603
    - -52.13695163616238
  - - -0.06632275050253514
    - -0.6077196473110609
    - 0.7913773581787001
    - 102.28863981667308
- - - 0.9389673421778468
    - 0.030469279147612115
    - 0.3426542767158977
    - -205.99556220510624
  - - -0.022259829674414134
    - 0.999363771383514
    - -0.02786669031274195
    - -24.82017006482618
  - - -0.34328534822554857
    - 0.018538486301343013
    - 0.9390481852489355
    - 97.83581693047796
- - - 0.9625365554670189
    - -0.25182149833692785
    - 0.10054507628437694
    - -54.73643762787518
  - - 0.2711496735809286
    - 0.8923906579908899
    - -0.36071701934832856
    - -16.094047994734343
  - - 0.001110813504767334
    - 0.37446608191654845
    - 0.927239947148216
    - 32.0440590272375
- - - 0.9867412603191937
    - -0.13383925820317702
    - -0.09180815948112783
    - -83.7717483783265
  - - 0.1589374113615666
    - 0.9114058023599845
    - 0.37957655709255445
    - -47.030492964030266
  - - 0.03287224442250734
    - -0.38913560154292787
    - 0.9205937753202825
    - 79.47854017604021
- - - 0.934552169871195
    - 0.19457624359116807
    - -0.2979132880873073
    - -148.95995962122672
  - - -0.1815535344921134
    - 0.9808099448703552
    - 0.07106452108353216
    - -0.08061897349804537
  - - 0.3060237832300971
    - -0.012326291955054391
    - 0.9519440669620131
    - 29.106476060162176
- - - 0.9619093688091996
    - -0.24007540710144284
    - 0.1307446561132193
    - 16.413277052135715
  - - 0.24129066469053614
    - 0.9704297328434012
    - 0.006704382647495516
    - -17.161115687313938
  - - -0.12848805909611516
    - 0.025098456497586484
    - 0.9913934063484345
    - 80.43190720949676
- - - 0.9902729323386077
    - 0.10896832144737392
    - -0.086518347178139
    - -106.49761403786115
  - - -0.11441654576272513
    - 0.991575559472779
    - -0.060718727852052505
    - -81.05372078627242
  - - 0.0791730606533652
    - 0.0700272431071448
    - 0.9943982158519753
    - 51.636384595105994
# poly_incident_angle_to_radius:
# - 0.0
# - 980.8407917545795
# - -18.09642824474127
# - 45.84020924445242
# - -36.58603464202598
# poly_radius_to_z:
# - 982.0389053824945
# - 0.0
# - -0.00042127044198000447
# - 1.8698855138170602e-07
# - -1.4664704293655303e-10
# scaled 1.02x
poly_incident_angle_to_radius:
- 0.0
- 1000.4576075896712
- -18.458356809636093
- 46.75701342934147
- -37.3177553348665
poly_radius_to_z:
- 1001.6796834901444
- 0.0
- -0.00041301023723529847
- 1.7972755803701078e-07
- -1.381887838543933e-10
principal_point:
- 1469.9309619002706
- 1500.9699417955371
