extrinsics:
- - - 0.645577859810261
    - 0.5943162285961693
    - -0.47960134210615973
    - -80.47945431254215
  - - -0.45154606416172083
    - 0.8035185216032438
    - 0.3878970706006903
    - 4.195923241389906
  - - 0.6159020854509768
    - -0.03385566227034791
    - 0.7870949213845645
    - 28.962329491672563
- - - 0.7951305600629135
    - 0.589415216429895
    - -0.14267829230453283
    - -97.42927654864752
  - - -0.5937223490316718
    - 0.8045331311807065
    - 0.014839578595155936
    - -32.51216586655111
  - - 0.12353608668867418
    - 0.07291188842341075
    - 0.9896578660386531
    - 30.399696623308994
- - - 0.44469438764879893
    - 0.858827771613862
    - 0.25428676783983134
    - -166.04397428002852
  - - -0.7716379583028113
    - 0.511493993234488
    - -0.37808564663486766
    - 106.94488559168191
  - - -0.454776607687696
    - -0.02808475725025583
    - 0.8901626163293231
    - 132.50900424116443
- - - 0.6584262676266459
    - 0.5623613091234326
    - 0.5002245576740748
    - -164.0070646627342
  - - -0.7502731272005807
    - 0.5431376135234862
    - 0.3769506166285888
    - 59.99433943036591
  - - -0.059708330238800095
    - -0.6234992307749798
    - 0.779540649692563
    - 123.11809798043302
- - - 0.993440433818996
    - 0.06274703018658902
    - 0.0955976707681119
    - -149.7700620661887
  - - -0.11400386662671275
    - 0.4783987913196188
    - 0.8707110398163601
    - -9.099276728773173
  - - 0.008900721750717822
    - -0.8758980572342258
    - 0.48241410684765973
    - 154.62911646019873
- - - 0.6615642587623234
    - 0.007451455557720504
    - -0.749851456848841
    - -59.868240603873396
  - - 0.008608953944914212
    - 0.9998092622877996
    - 0.017530686110370397
    - -43.53298393955378
  - - 0.7498390610259191
    - -0.018053112019740643
    - 0.6613739242714143
    - 36.25459957349107
- - - 0.5223308598613161
    - -0.4625777827125856
    - -0.7163743907882567
    - -26.76512320617672
  - - 0.15128771587760606
    - 0.8770245544824737
    - -0.4560043397374142
    - -83.81306791789393
  - - 0.8392154073067742
    - 0.1298064935799684
    - 0.5280793258246331
    - 27.072885695634177
- - - 0.12759735772245337
    - -0.9328422346336666
    - -0.3369336427041917
    - 42.78398823905747
  - - 0.2845292613370009
    - 0.3598593286301068
    - -0.8885630889480552
    - -48.872515763819514
  - - 0.9501378919637239
    - 0.017510821841264502
    - 0.31133801144925194
    - 42.50739940841894
- - - 0.9856648847577071
    - 0.0527859888610406
    - -0.16024473262961894
    - -110.66943872654643
  - - -0.1679519358276792
    - 0.21676264415878144
    - -0.9616683957316203
    - -26.031089626653664
  - - -0.01602754526779093
    - 0.9747961815052699
    - 0.22252083568833125
    - 31.43813522032477
- - - 0.8786580907362939
    - -0.027104352893877876
    - 0.4766815641891922
    - -74.52855677779615
  - - 0.477330503772266
    - 0.07234555238188616
    - -0.8757406643630719
    - -65.81285852183997
  - - -0.010749407061112872
    - 0.9970112713027693
    - 0.07650473935038664
    - 31.638902232417234
- - - 0.9704874320517919
    - -0.03751999407476678
    - -0.23821501689471228
    - -132.6507548009112
  - - 0.23390856435159782
    - 0.3867444661159612
    - 0.8920288680595794
    - -10.76646354414435
  - - 0.05865942168563388
    - -0.9214233380880416
    - 0.3841068917296297
    - 159.55704451301295
- - - 0.3801586144610818
    - 0.10763778126419336
    - 0.9186367812664332
    - -46.894206909784835
  - - -0.9249156062460829
    - 0.04772844723616837
    - 0.37716457501582135
    - 127.79519819531355
  - - -0.0032479491177231025
    - -0.9930438577268107
    - 0.11770024408463532
    - 175.808613261917
- - - 0.36710233760643335
    - 0.056577941169421504
    - 0.928458297554027
    - 26.946008347371105
  - - -0.9298118529172447
    - -0.005781113897862523
    - 0.36798980542496074
    - 195.26661376665305
  - - 0.026187628729855646
    - -0.9983814477919395
    - 0.05048457988710828
    - 182.19315604068473
- - - 0.8815800241084031
    - 0.36866856637958745
    - -0.2947883126188131
    - -141.78501023967854
  - - -0.3411648893696653
    - 0.9292384083352154
    - 0.1418537935200166
    - 8.342450027899568
  - - 0.3262256571062603
    - -0.02448404864917697
    - 0.9449747890855784
    - 45.79800377108603
- - - 0.48757645981530917
    - 0.2543517012517352
    - 0.8352092000836187
    - -106.03131573377253
  - - -0.14516841157878682
    - 0.9669252811228815
    - -0.20971798445800677
    - -8.275648195303683
  - - -0.8609270167172488
    - -0.018992440490491123
    - 0.5083738379288938
    - 234.1073789293937
- - - 0.9461278763354571
    - 0.21540479206356897
    - -0.2417494926096195
    - -166.48075098508633
  - - -0.3091849117786996
    - 0.37928886437541703
    - -0.8720921096359058
    - 22.812539798369798
  - - -0.09615992902116563
    - 0.8998559512037785
    - 0.4254556794000843
    - 44.60819951468929
- - - 0.6335344778584828
    - -0.08088021282845331
    - -0.7694754424524567
    - -41.87477447486771
  - - 0.06390240904830935
    - 0.9965931589612559
    - -0.052139789311503655
    - -62.28654129829552
  - - 0.7710710391931489
    - -0.01613898027911095
    - 0.6365445670439331
    - 37.41995449563623
- - - 0.9883791998452428
    - -0.037381885424423444
    - -0.14734025911268292
    - -101.2045985935266
  - - 0.14359424606740837
    - 0.5476215194965957
    - 0.8243126614826275
    - -35.33737356737225
  - - 0.04987233511286444
    - -0.8358907022011639
    - 0.5466255429121794
    - 146.22694171234238
poly_incident_angle_to_radius:
- 0.0
- 1005.3612625699324
- -29.388278542268537
- 39.625698563456574
- -30.73238417658718
poly_radius_to_z:
- 1003.0493850919532
- 0.0
- -0.00040514534670187997
- 1.3355483752313705e-07
- -1.118301660547347e-10
principal_point:
- 1477.2559779984954
- 1518.126124944403
