extrinsics:
- - - 0.41352425370385687
    - -0.900227444423164
    - -0.13633869555635128
    - 46.86464545128216
  - - 0.8678201657034561
    - 0.43500433221484947
    - -0.24012369927339272
    - -48.82445657534029
  - - 0.27547386735785695
    - -0.019020495830866714
    - 0.9611203718271994
    - 42.51150863392358
- - - 0.2900069820439004
    - -0.8704560606426136
    - -0.39774639766606507
    - 61.95332591409344
  - - 0.9530641476719386
    - 0.3004533304520723
    - 0.037370130353251395
    - -36.81830948243811
  - - 0.08697517340109136
    - -0.38991543020352576
    - 0.91673402713167
    - 78.80685178804222
- - - 0.3484492493209601
    - -0.937326245606479
    - 0.0016217104926475408
    - 90.38925058096413
  - - 0.9074558067474737
    - 0.3377772661398352
    - 0.24986091586999137
    - -30.34247994717195
  - - -0.2347489711328921
    - -0.08559221796612967
    - 0.9682803792165199
    - 75.98140689080842
- - - 0.3351126788128036
    - -0.8842049909740475
    - 0.32539364842524426
    - 92.13510483528844
  - - 0.9421491850120963
    - 0.3171869973507614
    - -0.10838506305137832
    - -25.5968200680868
  - - -0.007376020603946919
    - 0.34289056949439833
    - 0.9393463959966298
    - 43.02366943387825
- - - 0.16000051340899965
    - -0.9834175434730656
    - -0.08538015517822095
    - 72.28063459291369
  - - 0.8041775498261875
    - 0.18001952282240308
    - -0.5664728058418551
    - -40.51626193526851
  - - 0.572449389958978
    - 0.021975135771932018
    - 0.8196455266414862
    - 36.127094727069455
- - - -0.10450519266621501
    - -0.8883696807733181
    - -0.44707714657373215
    - 60.481102801925346
  - - 0.9041767244778052
    - 0.10234400553420554
    - -0.414716958230311
    - -32.2239709083306
  - - 0.41417763775750177
    - -0.44757682559972617
    - 0.7925477080704281
    - 102.15253094936631
- - - 0.3120242005481416
    - -0.6288096470971957
    - -0.7122073616509406
    - 8.17575180233742
  - - 0.9499553673910652
    - 0.218342148307567
    - 0.22340883204865197
    - -36.7777040229056
  - - 0.015023256544421236
    - -0.7462741681111151
    - 0.6654691335988948
    - 120.51679928857021
- - - 0.20981604971753995
    - -0.958918584410215
    - 0.1909250474757994
    - 18.197073426751153
  - - 0.6014016871840676
    - 0.2805347532788717
    - 0.7480750382514575
    - -68.1794062568935
  - - -0.7709041678010853
    - -0.042135503740574426
    - 0.6355559482779187
    - 203.122325095209
- - - 0.07296310575372207
    - -0.9796939094224957
    - 0.18675178456774752
    - 84.77792826368325
  - - 0.9857710947206655
    - 0.09927314633034123
    - 0.1356473045471085
    - -32.76998555629784
  - - -0.15143227533122686
    - 0.17419726248750833
    - 0.9729972146567869
    - 64.26624285346128
- - - 0.18081587809436084
    - -0.9509004920593679
    - -0.25118493671041986
    - 71.32808739260751
  - - 0.977488645671655
    - 0.14551426036013876
    - 0.1527794083469219
    - -33.16423405348074
  - - -0.10872702429460203
    - -0.2731553664731743
    - 0.9558057229138917
    - 65.50915295912974
- - - -0.12727869067630643
    - 0.9770593056412599
    - 0.17074907952766347
    - -26.48908125834147
  - - -0.9369923580922727
    - -0.1749080924482715
    - 0.3024111110273388
    - 180.21266765721148
  - - 0.32533898594605537
    - -0.1215000924111835
    - 0.9377591757843089
    - 12.881986419308667
- - - -0.09471731649440134
    - 0.9897586753832049
    - 0.10680072312387927
    - -16.56145090953139
  - - -0.9293862934978747
    - -0.04947022209182473
    - -0.365778368119915
    - 184.79836520960632
  - - -0.3567488576216914
    - -0.13390467366701447
    - 0.9245538334546823
    - 128.9698227515732
- - - 0.18874804041933738
    - 0.9266878048325726
    - -0.32499829170696776
    - -92.34528786100567
  - - -0.922053737936966
    - 0.053353677420352935
    - -0.3833670427438874
    - 184.382945514693
  - - -0.3379217092675888
    - 0.37202566777080326
    - 0.8645263564087325
    - 111.15593137332804
- - - 0.32267067073038636
    - -0.7952612849257051
    - -0.5132671107218144
    - 34.318631070325104
  - - 0.9449278687254374
    - 0.23930160498426598
    - 0.22326232274603905
    - -27.724174978721237
  - - -0.05472623828114531
    - -0.5570406004505156
    - 0.8286801604318307
    - 113.36768265769557
- - - 0.16374615847679702
    - -0.9802137804215323
    - 0.11121214077527625
    - 91.08453732387122
  - - 0.9858402208177026
    - 0.16672327183034008
    - 0.01795576922022774
    - -33.50170615639307
  - - -0.03614214440504644
    - 0.10669721318719957
    - 0.9936344650302192
    - 47.80947651170759
- - - 0.31199456051372054
    - -0.7091691425795644
    - 0.6322487812742826
    - 57.41814359998746
  - - 0.9455031417006347
    - 0.16649006704609484
    - -0.2798300673787868
    - 2.1988145118882496
  - - 0.0931837069668289
    - 0.685098667921601
    - 0.7224656476040697
    - 31.735567357383015
- - - -0.06480619439642313
    - -0.9726322986305569
    - 0.22312904075555096
    - 71.24997864601659
  - - 0.7843159392682434
    - -0.18788990382524412
    - -0.5912240619683149
    - 19.591006453128543
  - - 0.6169673124061165
    - 0.1366886816864505
    - 0.7750274444954799
    - 39.322642194693714
- - - 0.024753099716720163
    - -0.8625133377545273
    - -0.5054285570186543
    - 54.3719481040584
  - - 0.9597778877533926
    - 0.16194210783383642
    - -0.22934942748995613
    - -30.75058604691873
  - - 0.2796671060994672
    - -0.4794220436169777
    - 0.8318297986127153
    - 99.13722934646995
# poly_incident_angle_to_radius:
# - 0.0
# - 981.7241772377372
# - -14.845513148673243
# - 44.79511922252233
# - -39.481109542481825
# poly_radius_to_z:
# - 984.7685429149474
# - 0.0
# - -0.0004443408717901076
# - 2.3965209845823825e-07
# - -1.784071653805787e-10
# scaled 1.01x
poly_incident_angle_to_radius:
- 0.0
- 991.5414190101146
- -14.993968280159976
- 45.24307041474756
- -39.875920637906646
poly_radius_to_z:
- 994.6162283440968
- 0.0
- -0.0004399414572179283
- 2.349300053506894e-07
- -1.7316023703808758e-10
principal_point:
- 1562.346975749396
- 1487.1947390245723
