---

COBALT:
  beamwidth: 0.6
  position: [-1.439339, 51.144752, 0.1]
  rotation: 0



