extrinsics:
- - - 0.8587313585475936
    - -0.5115024876523302
    - 0.030751568618233614
    - 9.498954789499843
  - - 0.5035047761985523
    - 0.8311108177721304
    - -0.23608843454812847
    - -168.97885132645976
  - - 0.09520186023523607
    - 0.21822010381176707
    - 0.9712448672194528
    - 11.311607491206782
- - - 0.7847430452743128
    - -0.6079017869012867
    - -0.12097012183105374
    - 9.18001885118053
  - - 0.5914986440421384
    - 0.792806181185897
    - -0.1469275779754997
    - -153.93398706073776
  - - 0.18522339752285494
    - 0.04374673194259221
    - 0.9817222195990235
    - 51.48607115254157
- - - 0.7039926247006232
    - -0.650137931885867
    - 0.2858584507939115
    - 24.639006536051436
  - - 0.7090253182823503
    - 0.6665882352819553
    - -0.23009394302827793
    - -128.9122473005304
  - - -0.040957079995277985
    - 0.3646653179380455
    - 0.9302374554335062
    - 31.364771406830897
- - - 0.6632643986607919
    - -0.6072891455588769
    - 0.43735595475025485
    - 34.72611460464065
  - - 0.5326383134102473
    - 0.7935788731350208
    - 0.2941581193869006
    - -72.63161915937916
  - - -0.5257154787112754
    - 0.037847929931762156
    - 0.8498180803226388
    - 88.2996845637018
- - - 0.7781323536243192
    - -0.619880284241739
    - 0.10128412240552886
    - 1.4691325906587327
  - - 0.5981950303733793
    - 0.7805498637977236
    - 0.18139629478560632
    - -98.97351827798568
  - - -0.19150129472060745
    - -0.08056266712153831
    - 0.9781804080979108
    - 59.04654957463282
- - - 0.4509837143153275
    - -0.8160593889745402
    - -0.3614702796757313
    - 18.605513213475838
  - - 0.6721889961849438
    - 0.5769823587912593
    - -0.4639539966974663
    - -130.16052722564098
  - - 0.5871759896574696
    - -0.0337406477438561
    - 0.8087557887641955
    - 26.01820137705513
- - - -0.11251826422482052
    - -0.9008284117764968
    - -0.41934211898170637
    - 71.10460357098414
  - - 0.9778796139992171
    - -0.025499156397066586
    - -0.20760841396191188
    - -69.25147636121034
  - - 0.17632668754495473
    - -0.4334258478209071
    - 0.8837708604045237
    - 93.44227206520343
- - - 0.19980457966363668
    - -0.9682039978438362
    - 0.15052956023535569
    - 3.347992471615487
  - - 0.6551759209135027
    - 0.017782548861454604
    - -0.7552670346381697
    - -178.37715809041057
  - - 0.7285757631163567
    - 0.24952915564158457
    - 0.6378969806200814
    - 80.56978211347372
- - - 0.32218923494784224
    - -0.7107007970106083
    - 0.6253786645003255
    - 82.48945590992189
  - - 0.9225346443202758
    - 0.0874773923851979
    - -0.3758690408245248
    - -83.57447100647171
  - - 0.2124239320617767
    - 0.6980344425241296
    - 0.683830381116137
    - 87.23504745805172
- - - 0.4126253484662808
    - -0.9086205042819625
    - 0.06441351567390588
    - 99.91041960059233
  - - 0.7386151523923878
    - 0.37512925398565783
    - 0.5601122204170642
    - -37.11772883596478
  - - -0.5330928422511881
    - -0.18353970143420192
    - 0.8259087113827978
    - 164.41919794791914
poly_incident_angle_to_radius:
- 0.0
- 1058.432426633842
- -208.45820716418015
- 234.73565201606442
- -99.07158733817613
poly_radius_to_z:
- 1038.5263407563418
- 0.0
- -0.0007153297736516342
- 6.039547056194746e-07
- -3.0495849651545456e-10
principal_point:
- 1570.1905436157126
- 1506.6362152229997
